MEMORY
  total           13620 KB
  struct            159 KB
  buffer            148 KB
  arena           13312 KB, used 0.0%

SIZES
  narena                13631488
  nbuffer               151968
  nplugin               0
  maxuse_stack          984
  maxuse_arena          2464
  maxuse_con            0
  maxuse_efc            4
  ncon                  0
  ne                    0
  nf                    3
  nl                    1
  nefc                  4
  nJ                    12
  nA                    0
  nisland               1
  nidof                 3
  ntree_awake           1
  nbody_awake           10
  nparent_awake         9
  nv_awake              3
  flg_energypos         0
  flg_energyvel         0
  flg_subtreevel        0
  flg_rnepost           0
  threadpool            0

TIMER
    0:  duration =  0.014      number = 1
    1:  duration =  0.014      number = 1
    2:  duration =  0          number = 0
    3:  duration =  0.011      number = 1
    4:  duration =  0.00086    number = 1
    5:  duration =  0.00018    number = 1
    6:  duration =  0.0015     number = 1
    7:  duration =  0.00017    number = 1
    8:  duration =  0.0015     number = 1
    9:  duration =  0.0004     number = 1
    10:  duration =  0          number = 0
    11:  duration =  0.0018     number = 1
    12:  duration =  3e-05      number = 1
    13:  duration =  0          number = 0
    14:  duration =  0          number = 0

SOLVER STAT
  solver_fwdinv =   0         0       
  ISLAND 0
    solver_niter = 1
    solver_nnz = 9
      0:  improvement =  4.3e-08     gradient =  8.7e-15     lineslope =  0       
          nactive = 4   nchange = 0   neval = 2   nupdate = 0

ENERGY =   0         0       

TIME =  7.1     

QPOS
  -2.1     
   1.2     
   4.9     

QVEL
  -3       
   0.00016 
  -0.013   

QACC_WARMSTART
  -3.2     
  -0.0004  
  -0.0067  

CTRL
   0.71    
   0.71    
   0.71    
   0.71    

QFRC_APPLIED
   0       
   0       
   0       

XFRC_APPLIED
   0         0         0         0         0         0       
   0         0         0         0         0         0       
   0         0         0         0         0         0       
   0         0         0         0         0         0       
   0         0         0         0         0         0       
   0         0         0         0         0         0       
   0         0         0         0         0         0       
   0         0         0         0         0         0       
   0         0         0         0         0         0       
   0         0         0         0         0         0       

QACC
  -3.2     
  -0.0004  
  -0.0067  

TREE_ASLEEP
  -11

XPOS
   0         0         0       
   2.4e-16   0.0075    0.35    
   1.3e-15   0.0075    0.38    
  -0.0074    0.018     0.39    
  -0.018    -0.0053    0.41    
  -0.0075    0.0022    0.38    
   0.0074    0.013     0.4     
  -0.023    -0.0094    0.37    
  -0.14     -0.14      0.29    
   0.0049    0.00075   0.39    

XQUAT
   1         0         0         0       
   0.71      0.71     -4.7e-17   4.7e-17 
   0.63      0.63     -0.32     -0.32    
  -0.8       0.4      -0.2       0.41    
  -0.8       0.4      -0.2       0.41    
  -0.29     -0.3      -0.097     0.9     
  -0.29     -0.3      -0.097     0.9     
   0.0029    0.42     -0.56     -0.72    
  -0.29      0.3      -0.9      -0.11    
  -0.28      0.85     -0.43      0.14    

XMAT
   1         0         0         0         1         0         0         0         1       
   1        -1.3e-16   7.2e-29   7.3e-29   7.1e-15  -1         1.3e-16   1         7.1e-15 
   0.59      6.1e-15  -0.81     -0.81     -2.7e-15  -0.59     -5.8e-15   1         3.3e-15 
   0.59      0.48      0.65     -0.81      0.35      0.47     -1.7e-07  -0.8       0.6     
   0.59      0.48      0.65     -0.81      0.35      0.47     -1.7e-07  -0.8       0.6     
  -0.65      0.59     -0.48     -0.47     -0.81     -0.35     -0.6      -1.7e-07   0.8     
  -0.65      0.59     -0.48     -0.47     -0.81     -0.35     -0.6      -1.7e-07   0.8     
  -0.65     -0.46     -0.6      -0.47     -0.38      0.8      -0.6       0.8       0.026   
  -0.65     -0.6       0.46     -0.47      0.8       0.38     -0.6       0.026    -0.8     
   0.59     -0.65      0.48     -0.81     -0.47      0.35     -1.7e-07  -0.6      -0.8     

XIPOS
   0         0         0       
   2.9e-16   0.0075    0.19    
  -1.7e-08   0.0075    0.37    
  -0.0063    0.016     0.39    
  -8.8e-05   0.0076    0.39    
  -0.0075    0.0022    0.38    
   0.0074    0.013     0.4     
  -0.042    -0.02      0.27    
  -0.16     -0.11      0.24    
   0.0061   -0.00087   0.39    

XIMAT
   1         0         0         0         1         0         0         0         1       
   1         7.2e-29   1.3e-16   7.3e-29  -1        -7.1e-15   1.3e-16   7.1e-15  -1       
  -0.81     -0.59     -6.1e-15  -0.59      0.81      2.7e-15   3.3e-15   5.8e-15  -1       
   0.59      0.48      0.65     -0.81      0.35      0.47     -1.7e-07  -0.8       0.6     
   0.48     -0.59      0.65      0.35      0.81      0.47     -0.8      -8.1e-05   0.6     
  -0.65      0.59     -0.48     -0.47     -0.81     -0.35     -0.6      -1.7e-07   0.8     
  -0.65      0.59     -0.48     -0.47     -0.81     -0.35     -0.6      -1.7e-07   0.8     
  -0.6       0.66     -0.45      0.8       0.52     -0.31      0.026    -0.55     -0.84    
   0.46      0.3       0.83      0.38      0.78     -0.49     -0.8       0.54      0.25    
   0.59     -0.65      0.48     -0.81     -0.47      0.35     -1.7e-07  -0.6      -0.8     

XANCHOR
   8.7e-18   0.0075   -4.7e-05 
  -0.0074    0.018     0.39    
   0.009     0.014     0.4     

XAXIS
  -8.7e-17   6.7e-16   1       
   0.59     -0.81      4.8e-16 
  -0.65     -0.47     -0.6     

GEOM_XPOS
   0         0         0       
   6.6e-07   0.0075    0.2     
  -7.9e-09   0.0075    0.38    
  -0.0063    0.016     0.39    
  -8.8e-05   0.0076    0.39    
  -0.0075    0.0022    0.38    
   0.0074    0.013     0.4     
  -0.056    -0.031     0.26    
  -0.16     -0.11      0.24    
   0.0061   -0.00087   0.39    

GEOM_XMAT
   1         0         0         0         1         0         0         0         1       
   1         7.2e-29   1.3e-16   7.3e-29  -1        -7.1e-15   1.3e-16   7.1e-15  -1       
  -0.81     -6.1e-15   0.59     -0.59      2.6e-15  -0.81      3.4e-15  -1        -5.7e-15 
   0.59      0.48      0.65     -0.81      0.35      0.47     -1.7e-07  -0.8       0.6     
   0.48     -0.59      0.65      0.35      0.81      0.47     -0.8       1.7e-07   0.6     
  -0.65      0.59     -0.48     -0.47     -0.81     -0.35     -0.6      -1.7e-07   0.8     
  -0.65      0.59     -0.48     -0.47     -0.81     -0.35     -0.6      -1.7e-07   0.8     
  -0.6       0.63     -0.49      0.8       0.5      -0.35      0.027    -0.6      -0.8     
   0.47      0.8      -0.39      0.38     -0.58     -0.73     -0.8       0.19     -0.57    
   0.59     -0.65      0.48     -0.81     -0.47      0.35     -1.7e-07  -0.6      -0.8     

SITE_XPOS
  -0.21     -0.1       0.22    
  -0.12     -0.13      0.26    
  -0.16     -0.16      0.22    
  -0.16     -0.069     0.26    

SITE_XMAT
  -0.65     -0.6       0.46     -0.47      0.8       0.38     -0.6       0.026    -0.8     
  -0.65     -0.6       0.46     -0.47      0.8       0.38     -0.6       0.026    -0.8     
  -0.65     -0.6       0.46     -0.47      0.8       0.38     -0.6       0.026    -0.8     
  -0.65     -0.6       0.46     -0.47      0.8       0.38     -0.6       0.026    -0.8     

LIGHT_XPOS
  -0.5       0.5       3       

LIGHT_XDIR
   0         0        -1       

SUBTREE_COM
  -0.0067    0.0027    0.2     
  -0.0067    0.0027    0.2     
  -0.067    -0.04      0.3     
  -0.071    -0.043     0.29    
  -0.073    -0.045     0.29    
  -0.0075    0.0022    0.38    
  -0.087    -0.055     0.27    
  -0.094    -0.059     0.26    
  -0.16     -0.11      0.24    
   0.0061   -0.00087   0.39    

CDOF
  -8.7e-17   6.7e-16   1         0.0048   -0.0067    4.9e-18 
   0.59     -0.81      4.8e-16   0.15      0.11     -0.0083  
  -0.65     -0.47     -0.6       0.087    -0.12      4.9e-05 

CINERT
   0         0         0         0         0         0         0         0         0         0       
   0.0063    0.0063    5.6e-05  -1.7e-05   4e-05     2.8e-05   0.0036    0.0026   -0.0059    0.54    
   0.0001    0.0001    5e-07     8.8e-09  -4e-06    -2.8e-06   2.3e-05   1.6e-05   0.00059   0.0034  
   6.3e-05   6.3e-05   3.2e-07  -1.6e-08  -1.5e-07  -4.4e-06   7.9e-07   2.3e-05   0.00033   0.0017  
   0.00016   0.00016   6.7e-07  -1.3e-07  -5.4e-06  -4e-06     2.8e-05   2.1e-05   0.00081   0.0042  
   0.00011   0.00011   6.2e-08   9.6e-09   4.8e-07   3.1e-07  -2.5e-06  -1.6e-06   0.00057   0.0031  
   0.00012   0.00012   1e-06    -4.4e-07  -8.6e-06  -6.3e-06   4.4e-05   3.2e-05   0.00061   0.0031  
   0.00052   0.00059   0.0002   -9.3e-05  -8.4e-05  -6e-05    -0.00087  -0.00057   0.0019    0.025   
   0.00029   0.0005    0.00071  -0.00033   0.00013   9.2e-05  -0.0029   -0.0021    0.00082   0.018   
   6.3e-05   6.3e-05   3.2e-07   7.3e-08  -4.2e-06   1.2e-06   2.2e-05  -6.1e-06   0.00033   0.0017  

ACTUATOR_LENGTH
   0       
   0       
   0       
   0       

actuator_moment
-----
 xxx |
 xxx |
 xxx |
 xxx |
-----

ACTUATOR_MOMENT
     0: -0.0055     1:  0.077      2:  0.0085  
     0:  0.006      1:  0.059      2: -0.01    
     0:  0.0023     1:  0.077      2: -0.01    
     0: -0.0086     1:  0.058      2:  0.0091  

CRB
   0         0         0         0         0         0         0         0         0         0       
   0.0077    0.008     0.00097  -0.00044   6e-05     4.4e-05   8.7e-19   0         5.2e-18   0.6     
   0.0014    0.0017    0.00091  -0.00042   2e-05     1.5e-05  -0.0036   -0.0026    0.0059    0.06    
   0.0013    0.0016    0.00091  -0.00042   2.4e-05   1.8e-05  -0.0037   -0.0026    0.0054    0.057   
   0.0013    0.0015    0.00091  -0.00042   2.4e-05   2.3e-05  -0.0037   -0.0026    0.005     0.055   
   0.00011   0.00011   6.2e-08   9.6e-09   4.8e-07   3.1e-07  -2.5e-06  -1.6e-06   0.00057   0.0031  
   0.00093   0.0012    0.00091  -0.00042   3.3e-05   2.5e-05  -0.0037   -0.0026    0.0033    0.046   
   0.00081   0.0011    0.00091  -0.00042   4.2e-05   3.1e-05  -0.0038   -0.0027    0.0027    0.043   
   0.00029   0.0005    0.00071  -0.00033   0.00013   9.2e-05  -0.0029   -0.0021    0.00082   0.018   
   6.3e-05   6.3e-05   3.2e-07   7.3e-08  -4.2e-06   1.2e-06   2.2e-05  -6.1e-06   0.00033   0.0017  

QM
   0.00099 
  -1e-05     0.002   
   0.00011   8.4e-06   0.00019 

M
     0:  0.00099 
     0: -1e-05      1:  0.002   
     0:  0.00011    1:  8.4e-06    2:  0.00019 

QLD
     0:  0.00092 
     0: -0.0076     1:  0.002   
     0:  0.6        1:  0.045      2:  0.00019 

QLDIAGINV
   1.1e+03 
   5e+02   
   5.4e+03 

M: inertia structure
-----
 x   |
 xx  |
 xxx |
-----

iM: block-diagonal inertia (nnzs are island ids)
-----
 0   |
 00  |
 000 |
-----

TREE_AWAKE
  1

BODY_AWAKE
  -1 -1 1 1 1 1 1 1 1 1

BODY_AWAKE_IND
  0 1 2 3 4 5 6 7 8 9

PARENT_AWAKE_IND
  1 2 3 4 5 6 7 8 9

DOF_AWAKE_IND
  0 1 2

EFC_TYPE
  1
  1
  1
  3

EFC_ID
  0
  1
  2
  1

EFC_J
   1         0         0       
   0         1         0       
   0         0         1       
   0        -1         0       

IEFC_J
   1         0         0       
   0         1         0       
   0         0         1       
   0        -1         0       

EFC_POS
   0       
   0       
   0       
  -0.0032  

EFC_MARGIN
   0       
   0       
   0       
   0       

EFC_FRICTIONLOSS
   0.001   
   0.001   
   0.001   
   0       

EFC_DIAGAPPROX
   7e+02   
   6.9e+02 
   7.4e+03 
   6.9e+02 

EFC_KBIP
   0         1.1e+02   0.9       0       
   0         1.1e+02   0.9       0       
   0         1.1e+02   0.9       0       
   2.8e+03   1.1e+02   0.95      0       

EFC_D
   0.013   
   0.013   
   0.0012  
   0.027   

EFC_R
   78      
   77      
   8.2e+02 
   36      

ACTUATOR_VELOCITY
   0.017   
  -0.018   
  -0.0068  
   0.026   

CVEL
   0         0         0         0         0         0       
   0         0         0         0         0         0       
   2.7e-16  -2e-15    -3        -0.015     0.02     -1.5e-17 
   9.5e-05  -0.00013  -3        -0.015     0.02     -1.3e-06 
   9.5e-05  -0.00013  -3        -0.015     0.02     -1.3e-06 
   9.5e-05  -0.00013  -3        -0.015     0.02     -1.3e-06 
   9.5e-05  -0.00013  -3        -0.015     0.02     -1.3e-06 
   0.0086    0.0061   -3        -0.016     0.022    -2e-06   
   0.0086    0.0061   -3        -0.016     0.022    -2e-06   
   9.5e-05  -0.00013  -3        -0.015     0.02     -1.3e-06 

CDOF_DOT
   0        -0         0         0         0         0       
  -2.5      -1.8       9.8e-16   0.34     -0.47     -0.00027 
  -1.4       2        -0.00013  -0.38     -0.27      0.02    

QFRC_BIAS
   2.4e-07 
  -0.041   
  -0.00028 

QFRC_SPRING
   0       
   0       
   0       

QFRC_DAMPER
   0       
   0       
   0       

QFRC_GRAVCOMP
   0       
   0       
   0       

QFRC_FLUID
   0       
   0       
   0       

QFRC_PASSIVE
   0       
   0       
   0       

EFC_VEL
  -3       
   0.00016 
  -0.013   
  -0.00016 

EFC_AREF
   3.2e+02 
  -0.017   
   1.4     
   8.4     

SUBTREE_LINVEL
   0         0         0       
   0         0         0       
   0         0         0       
   0         0         0       
   0         0         0       
   0         0         0       
   0         0         0       
   0         0         0       
   0         0         0       
   0         0         0       

SUBTREE_ANGMOM
   0         0         0       
   0         0         0       
   0         0         0       
   0         0         0       
   0         0         0       
   0         0         0       
   0         0         0       
   0         0         0       
   0         0         0       
   0         0         0       

ACTUATOR_FORCE
   0.71    
   0.71    
   0.71    
   0.71    

QFRC_ACTUATOR
  -0.0041  
   0.19    
  -0.0016  

QFRC_SMOOTH
  -0.0041  
   0.23    
  -0.0014  

QACC_SMOOTH
  -1.7     
   1.1e+02 
  -11      

EFC_B
  -3.2e+02 
   1.2e+02 
  -13      
  -1.2e+02 

EFC_FORCE
   0.001   
  -0.00022 
   0.001   
   0.23    

EFC_STATE
  2
  3
  2
  1

QFRC_CONSTRAINT
   0.001   
  -0.23    
   0.001   

QFRC_INVERSE
   0       
   0       
   0       

CACC
   0         0         0         0         0         0       
   0         0         0         0         0         0       
   0         0         0         0         0         0       
   0         0         0         0         0         0       
   0         0         0         0         0         0       
   0         0         0         0         0         0       
   0         0         0         0         0         0       
   0         0         0         0         0         0       
   0         0         0         0         0         0       
   0         0         0         0         0         0       

CFRC_INT
   0         0         0         0         0         0       
   0         0         0         0         0         0       
   0         0         0         0         0         0       
   0         0         0         0         0         0       
   0         0         0         0         0         0       
   0         0         0         0         0         0       
   0         0         0         0         0         0       
   0         0         0         0         0         0       
   0         0         0         0         0         0       
   0         0         0         0         0         0       

CFRC_EXT
   0         0         0         0         0         0       
   0         0         0         0         0         0       
   0         0         0         0         0         0       
   0         0         0         0         0         0       
   0         0         0         0         0         0       
   0         0         0         0         0         0       
   0         0         0         0         0         0       
   0         0         0         0         0         0       
   0         0         0         0         0         0       
   0         0         0         0         0         0       

TREE_ISLAND
  0

ISLAND_NTREE
  1

ISLAND_ITREEADR
  0

MAP_ITREE2TREE
  0

DOF_ISLAND            0 0 0

ISLAND_NV             3

ISLAND_IDOFADR        0

MAP_IDOF2DOF          0 1 2

EFC_ISLAND            0 0 0 0

ISLAND_NEFC           4

ISLAND_IEFCADR        0

MAP_IEFC2EFC          0 1 2 3

